[Room]
Name=ancient_1
Width=2199.99993111511
Height=539.999984653697
Background=1.9999999686135
BackgroundName=bg_tower
Music=mu_ancient
[0]
Object=obj_wall
X=127.999998334861
Y=415.999983850881
XScale=59.0000001048904
YScale=1.9999999686135
[1]
Object=obj_wall
X=64.000001744411
Y=127.999998334861
XScale=1.9999999686135
YScale=11.000000514569
[2]
Object=obj_wall
X=2015.99992438194
Y=127.999998334861
XScale=1.9999999686135
YScale=11.000000514569
[3]
Object=obj_wall
X=64.000001744411
Y=64.000001744411
XScale=63.0000027908964
YScale=1.9999999686135
[4]
Object=obj_exitgate
X=160.000004361028
Y=160.000004361028
XScale=0.999999846867796
YScale=0.999999846867796
[5]
Object=obj_doorA
X=223.999999233491
Y=384.000003594519
XScale=0.999999846867796
YScale=0.999999846867796
